350	0.00419417
350.165	0.00407767
350.496	0.00384466
350.993	0.00353398
351.158	0.00349515
351.489	0.00345631
351.985	0.00345631
352.15	0.00345631
352.481	0.00353398
352.978	0.00365049
353.143	0.00365049
353.474	0.00365049
353.97	0.00361165
354.135	0.00361165
354.466	0.00357282
354.963	0.00349515
355.128	0.00349515
355.459	0.00349515
355.955	0.00349515
356.12	0.00349515
356.451	0.00353398
356.948	0.00357282
357.113	0.00353398
357.444	0.00341748
357.94	0.00326214
358.105	0.0032233
358.436	0.00318447
358.933	0.00314563
359.098	0.00318447
359.429	0.00330097
359.925	0.00345631
360.09	0.00353398
360.421	0.00368932
360.918	0.0038835
361.083	0.00392233
361.414	0.0038835
361.91	0.00384466
362.075	0.0038835
362.406	0.0041165
362.903	0.00434951
363.068	0.00438835
363.399	0.00431068
363.895	0.00427184
364.06	0.00431068
364.391	0.00462136
364.888	0.00493204
365.053	0.00493204
365.384	0.00458252
365.88	0.00419417
366.045	0.0041165
366.376	0.00419417
366.873	0.00423301
367.038	0.00419417
367.369	0.00403883
367.865	0.00380583
368.03	0.00376699
368.361	0.00372816
368.858	0.00368932
369.023	0.00368932
369.354	0.00365049
369.85	0.00361165
370.015	0.00365049
370.346	0.00376699
370.843	0.00396117
371.008	0.00403883
371.339	0.00427184
371.835	0.00454369
372	0.00458252
372.331	0.00450485
372.828	0.00442718
372.993	0.00446602
373.324	0.00469903
373.82	0.0048932
373.985	0.00485437
374.316	0.00454369
374.813	0.00415534
374.978	0.00407767
375.309	0.0041165
375.805	0.0041165
375.97	0.00407767
376.301	0.00380583
376.798	0.00353398
376.963	0.00353398
377.294	0.00372816
377.79	0.00392233
377.955	0.00396117
378.286	0.004
378.783	0.00403883
378.948	0.00403883
379.279	0.00403883
379.775	0.004
379.94	0.00396117
380.271	0.00384466
380.768	0.00368932
380.933	0.00368932
381.264	0.00380583
381.76	0.0038835
381.925	0.00384466
382.256	0.00357282
382.753	0.0032233
382.918	0.00314563
383.249	0.00299029
383.745	0.00283495
383.91	0.00283495
384.241	0.00295146
384.738	0.0031068
384.903	0.00314563
385.234	0.00318447
385.73	0.0032233
385.895	0.00326214
386.226	0.00330097
386.723	0.00341748
386.888	0.00349515
387.219	0.00384466
387.715	0.00427184
387.88	0.00434951
388.211	0.00434951
388.708	0.00434951
388.873	0.00434951
389.204	0.00434951
389.7	0.00438835
389.865	0.00442718
390.196	0.00462136
390.693	0.00481553
390.858	0.00481553
391.189	0.00469903
391.685	0.00450485
391.85	0.00442718
392.181	0.00427184
392.678	0.00407767
392.843	0.00403883
393.174	0.00403883
393.67	0.00403883
393.836	0.00403883
394.166	0.004
394.663	0.00396117
394.828	0.00396117
395.159	0.00392233
395.655	0.0038835
395.821	0.0038835
396.151	0.00392233
396.648	0.00396117
396.813	0.00396117
397.144	0.0038835
397.64	0.00384466
397.806	0.00384466
398.136	0.00396117
398.633	0.00415534
398.798	0.00419417
399.129	0.00431068
399.625	0.00446602
399.791	0.00450485
400.121	0.00454369
400.618	0.00458252
400.783	0.00454369
401.114	0.00438835
401.61	0.00423301
401.776	0.00423301
402.106	0.00438835
402.603	0.00454369
402.768	0.00454369
403.099	0.00442718
403.595	0.00427184
403.761	0.00419417
404.091	0.00403883
404.588	0.00384466
404.753	0.00380583
405.084	0.00376699
405.58	0.00372816
405.746	0.00372816
406.076	0.00380583
406.573	0.0038835
406.738	0.0038835
407.069	0.00380583
407.565	0.00368932
407.731	0.00365049
408.061	0.00353398
408.558	0.00341748
408.723	0.00341748
409.054	0.00345631
409.55	0.00353398
409.716	0.00357282
410.046	0.00368932
410.543	0.00380583
410.708	0.00384466
411.039	0.00380583
411.535	0.00376699
411.701	0.00372816
412.031	0.00368932
412.528	0.00372816
412.693	0.00376699
413.024	0.00403883
413.52	0.00434951
413.686	0.00434951
414.016	0.00423301
414.513	0.00407767
414.678	0.00403883
415.009	0.00392233
415.505	0.00376699
415.671	0.00376699
416.001	0.00380583
416.498	0.00380583
416.663	0.00376699
416.994	0.00368932
417.49	0.00357282
417.656	0.00353398
417.986	0.00337864
418.483	0.0032233
418.648	0.0032233
418.979	0.00337864
419.475	0.00361165
419.641	0.00365049
419.971	0.00376699
420.468	0.00392233
420.633	0.00396117
420.964	0.00403883
421.46	0.0041165
421.626	0.0041165
421.956	0.00403883
422.453	0.004
422.618	0.00407767
422.949	0.00438835
423.445	0.00469903
423.611	0.00469903
423.941	0.00450485
424.438	0.00431068
424.603	0.00427184
424.934	0.00431068
425.43	0.00438835
425.596	0.00438835
425.926	0.00434951
426.423	0.00434951
426.588	0.00438835
426.919	0.00466019
427.415	0.00493204
427.581	0.0048932
427.911	0.00454369
428.408	0.00415534
428.573	0.0041165
428.904	0.00423301
429.4	0.00431068
429.566	0.00431068
429.896	0.00415534
430.393	0.00396117
430.558	0.00392233
430.889	0.00392233
431.385	0.0038835
431.551	0.0038835
431.881	0.00376699
432.378	0.00365049
432.543	0.00365049
432.874	0.00372816
433.37	0.00384466
433.536	0.00384466
433.866	0.00392233
434.363	0.004
434.528	0.00396117
434.859	0.00384466
435.355	0.00372816
435.521	0.00372816
435.851	0.00372816
436.348	0.00372816
436.513	0.00372816
436.844	0.00368932
437.34	0.00365049
437.506	0.00365049
437.836	0.00365049
438.333	0.00361165
438.498	0.00361165
438.829	0.00357282
439.325	0.00357282
439.491	0.00357282
439.821	0.00368932
440.318	0.00384466
440.483	0.0038835
440.814	0.00392233
441.31	0.00396117
441.476	0.004
441.806	0.00407767
442.303	0.00415534
442.468	0.00419417
442.799	0.00419417
443.295	0.00419417
443.461	0.00423301
443.791	0.00434951
444.288	0.00446602
444.453	0.00446602
444.784	0.00438835
445.28	0.00431068
445.446	0.00427184
445.776	0.00423301
446.273	0.00415534
446.438	0.0041165
446.769	0.004
447.265	0.00384466
447.431	0.00384466
447.761	0.00384466
448.258	0.00380583
448.423	0.00372816
448.754	0.00353398
449.25	0.00330097
449.416	0.00326214
449.746	0.00314563
450.243	0.00306796
450.408	0.00306796
450.739	0.00318447
451.235	0.00333981
451.401	0.00341748
451.731	0.00353398
452.228	0.00372816
452.393	0.00376699
452.724	0.00392233
453.22	0.0041165
453.386	0.00415534
453.716	0.00423301
454.213	0.00434951
454.378	0.00434951
454.709	0.00438835
455.205	0.00446602
455.371	0.00446602
455.701	0.00446602
456.198	0.00446602
456.363	0.00446602
456.694	0.00454369
457.19	0.00462136
457.356	0.00458252
457.686	0.00442718
458.183	0.00427184
458.348	0.00427184
458.679	0.00434951
459.175	0.00442718
459.341	0.00442718
459.671	0.00438835
460.168	0.00434951
460.333	0.00431068
460.664	0.00427184
461.16	0.00419417
461.326	0.00415534
461.656	0.004
462.153	0.00380583
462.318	0.00376699
462.649	0.00372816
463.145	0.00368932
463.311	0.00368932
463.641	0.00365049
464.138	0.00361165
464.303	0.00357282
464.634	0.00357282
465.13	0.00357282
465.296	0.00357282
465.626	0.00361165
466.123	0.00365049
466.288	0.00368932
466.619	0.00376699
467.115	0.00384466
467.281	0.0038835
467.611	0.00396117
468.108	0.00403883
468.273	0.00403883
468.604	0.00396117
469.1	0.00384466
469.266	0.00380583
469.596	0.00376699
470.093	0.00372816
470.258	0.00368932
470.589	0.00357282
471.085	0.00345631
471.251	0.00341748
471.581	0.00337864
472.078	0.00333981
472.243	0.00330097
472.574	0.0032233
473.07	0.00314563
473.236	0.0031068
473.566	0.0031068
474.063	0.00314563
474.228	0.00318447
474.559	0.00337864
475.055	0.00365049
475.221	0.00368932
475.551	0.00372816
476.048	0.00376699
476.213	0.00376699
476.544	0.00376699
477.04	0.00376699
477.206	0.00380583
477.536	0.0038835
478.033	0.004
478.198	0.004
478.529	0.00407767
479.025	0.00415534
479.191	0.00415534
479.522	0.00407767
480.018	0.004
480.183	0.004
480.514	0.00403883
481.01	0.00407767
481.176	0.00403883
481.507	0.004
482.003	0.00392233
482.168	0.0038835
482.499	0.00380583
482.995	0.00368932
483.161	0.00368932
483.492	0.00368932
483.988	0.00368932
484.153	0.00368932
484.484	0.00368932
484.98	0.00368932
485.146	0.00372816
485.477	0.00376699
485.973	0.00380583
486.138	0.00376699
486.469	0.00372816
486.965	0.00368932
487.131	0.00368932
487.462	0.00372816
487.958	0.00376699
488.123	0.00376699
488.454	0.00372816
488.95	0.00368932
489.116	0.00368932
489.447	0.00368932
489.943	0.00368932
490.108	0.00368932
490.439	0.00368932
490.935	0.00365049
491.101	0.00361165
491.432	0.00349515
491.928	0.00337864
492.093	0.00337864
492.424	0.00345631
492.92	0.00353398
493.086	0.00353398
493.417	0.00353398
493.913	0.00353398
494.078	0.00353398
494.409	0.00353398
494.905	0.00357282
495.071	0.00361165
495.402	0.00376699
495.898	0.00396117
496.063	0.00403883
496.394	0.00419417
496.89	0.00438835
497.056	0.00438835
497.387	0.00427184
497.883	0.00415534
498.048	0.00415534
498.379	0.00423301
498.875	0.00427184
499.041	0.00427184
499.372	0.00419417
499.868	0.00403883
500.033	0.004
500.364	0.0038835
500.86	0.00372816
501.026	0.00368932
501.357	0.00365049
501.853	0.00361165
502.018	0.00361165
502.349	0.00365049
502.845	0.00372816
503.011	0.00376699
503.342	0.00380583
503.838	0.0038835
504.003	0.0038835
504.334	0.00392233
504.83	0.00396117
504.996	0.00396117
505.327	0.0038835
505.823	0.00384466
505.988	0.00384466
506.319	0.004
506.815	0.00419417
506.981	0.00419417
507.312	0.00415534
507.808	0.00407767
507.973	0.00407767
508.304	0.004
508.8	0.00392233
508.966	0.00392233
509.297	0.00396117
509.793	0.00403883
509.958	0.00407767
510.289	0.00419417
510.785	0.00427184
510.951	0.00427184
511.282	0.00415534
511.778	0.004
511.943	0.00396117
512.274	0.004
512.77	0.00403883
512.936	0.00403883
513.267	0.00407767
513.763	0.00407767
513.928	0.00403883
514.259	0.0038835
514.755	0.00368932
514.921	0.00365049
515.252	0.00353398
515.748	0.00341748
515.913	0.00345631
516.244	0.00361165
516.74	0.00376699
516.906	0.00380583
517.237	0.00380583
517.733	0.00380583
517.898	0.00384466
518.229	0.00396117
518.725	0.0041165
518.891	0.00415534
519.222	0.00423301
519.718	0.00431068
519.883	0.00431068
520.214	0.00431068
520.71	0.00427184
520.876	0.00419417
521.207	0.004
521.703	0.00376699
521.868	0.00372816
522.199	0.00372816
522.695	0.00372816
522.861	0.00368932
523.192	0.00353398
523.688	0.00337864
523.853	0.00337864
524.184	0.00349515
524.68	0.00365049
524.846	0.00368932
525.177	0.00376699
525.673	0.0038835
525.838	0.00392233
526.169	0.00403883
526.665	0.00419417
526.831	0.00423301
527.162	0.00427184
527.658	0.00434951
527.823	0.00434951
528.154	0.00438835
528.65	0.00438835
528.816	0.00434951
529.147	0.00415534
529.643	0.00392233
529.808	0.0038835
530.139	0.0038835
530.635	0.0038835
530.801	0.0038835
531.132	0.00396117
531.628	0.004
531.793	0.004
532.124	0.00384466
532.62	0.00368932
532.786	0.00365049
533.117	0.00368932
533.613	0.00376699
533.778	0.00376699
534.109	0.00376699
534.605	0.00376699
534.771	0.00376699
535.102	0.00372816
535.598	0.00368932
535.763	0.00368932
536.094	0.00368932
536.59	0.00372816
536.756	0.00372816
537.087	0.00380583
537.583	0.0038835
537.748	0.0038835
538.079	0.00384466
538.575	0.00380583
538.741	0.00380583
539.072	0.00384466
539.568	0.0038835
539.733	0.00392233
540.064	0.00396117
540.56	0.004
540.726	0.004
541.057	0.00392233
541.553	0.00380583
541.718	0.00380583
542.049	0.00384466
542.545	0.00384466
542.711	0.00384466
543.042	0.00380583
543.538	0.00372816
543.703	0.00365049
544.034	0.00349515
544.53	0.00330097
544.696	0.00326214
545.027	0.0032233
545.523	0.00318447
545.688	0.00314563
546.019	0.00314563
546.515	0.0031068
546.681	0.00306796
547.012	0.00291262
547.508	0.00275728
547.673	0.00271845
548.004	0.00275728
548.5	0.00283495
548.666	0.00283495
548.997	0.00283495
549.493	0.00283495
549.658	0.00287379
549.989	0.00295146
550.485	0.00302913
550.651	0.00306796
550.982	0.00306796
551.478	0.0031068
551.643	0.00314563
551.974	0.00330097
552.47	0.00349515
552.636	0.00353398
552.967	0.00349515
553.463	0.00349515
553.628	0.00353398
553.959	0.00365049
554.455	0.00380583
554.621	0.00384466
554.952	0.00384466
555.448	0.00384466
555.613	0.00384466
555.944	0.00384466
556.44	0.00380583
556.606	0.00380583
556.937	0.00384466
557.433	0.00384466
557.598	0.00384466
557.929	0.00376699
558.425	0.00365049
558.591	0.00365049
558.922	0.00361165
559.418	0.00353398
559.583	0.00353398
559.914	0.00353398
560.41	0.00353398
560.576	0.00353398
560.907	0.00349515
561.403	0.00349515
561.568	0.00349515
561.899	0.00349515
562.395	0.00353398
562.561	0.00357282
562.892	0.00372816
563.388	0.00392233
563.553	0.00396117
563.884	0.00396117
564.38	0.00396117
564.546	0.00396117
564.877	0.00396117
565.373	0.00396117
565.538	0.004
565.869	0.00403883
566.365	0.00407767
566.531	0.00407767
566.862	0.004
567.358	0.0038835
567.523	0.00384466
567.854	0.00376699
568.35	0.00365049
568.516	0.00365049
568.847	0.00365049
569.343	0.00365049
569.508	0.00365049
569.839	0.00357282
570.335	0.00349515
570.501	0.00345631
570.832	0.00345631
571.328	0.00345631
571.493	0.00349515
571.824	0.00353398
572.32	0.00361165
572.486	0.00361165
572.817	0.00357282
573.313	0.00357282
573.478	0.00357282
573.809	0.00357282
574.305	0.00361165
574.471	0.00365049
574.802	0.00376699
575.298	0.00392233
575.463	0.00396117
575.794	0.004
576.29	0.00407767
576.456	0.00407767
576.787	0.0041165
577.283	0.00415534
577.448	0.00415534
577.779	0.0041165
578.275	0.00407767
578.441	0.00403883
578.772	0.00403883
579.268	0.00403883
579.433	0.00403883
579.764	0.00396117
580.26	0.00384466
580.426	0.00380583
580.757	0.00376699
581.253	0.00368932
581.418	0.00368932
581.749	0.00368932
582.245	0.00365049
582.411	0.00361165
582.742	0.00349515
583.238	0.00333981
583.403	0.00330097
583.734	0.00326214
584.23	0.0032233
584.396	0.0032233
584.727	0.00326214
585.223	0.00330097
585.388	0.00330097
585.719	0.00330097
586.215	0.00330097
586.381	0.00326214
586.712	0.0031068
587.208	0.00299029
587.373	0.00299029
587.704	0.0032233
588.2	0.00349515
588.366	0.00357282
588.697	0.00361165
589.193	0.00365049
589.358	0.00368932
589.689	0.00376699
590.185	0.00384466
590.351	0.0038835
590.682	0.00392233
591.178	0.004
591.343	0.00403883
591.674	0.0041165
592.17	0.00423301
592.336	0.00423301
592.667	0.00423301
593.163	0.00427184
593.328	0.00427184
593.659	0.00431068
594.155	0.00434951
594.321	0.00434951
594.652	0.00431068
595.148	0.00423301
595.313	0.00423301
595.644	0.00415534
596.14	0.00403883
596.306	0.004
596.637	0.00392233
597.133	0.00380583
597.298	0.00376699
597.629	0.00368932
598.125	0.00357282
598.291	0.00357282
598.622	0.00357282
599.118	0.00357282
599.283	0.00361165
599.614	0.00361165
600.11	0.00365049
600.276	0.00365049
600.607	0.00372816
601.103	0.00384466
601.268	0.0038835
601.599	0.00396117
602.095	0.00407767
602.261	0.00407767
602.592	0.00403883
603.088	0.004
603.253	0.004
603.584	0.00403883
604.08	0.00407767
604.246	0.00403883
604.577	0.004
605.073	0.00392233
605.238	0.0038835
605.569	0.00376699
606.065	0.00365049
606.231	0.00361165
606.562	0.00353398
607.058	0.00345631
607.223	0.00349515
607.554	0.00361165
608.051	0.00372816
608.216	0.00376699
608.547	0.00376699
609.043	0.00380583
609.208	0.00380583
609.539	0.00376699
610.036	0.00376699
610.201	0.00380583
610.532	0.0038835
611.028	0.004
611.193	0.00403883
611.524	0.00415534
612.021	0.00431068
612.186	0.00431068
612.517	0.00419417
613.013	0.00403883
613.178	0.00403883
613.509	0.004
614.006	0.00396117
614.171	0.00396117
614.502	0.004
614.998	0.00403883
615.163	0.00403883
615.494	0.004
615.991	0.00396117
616.156	0.00396117
616.487	0.00396117
616.983	0.00396117
617.148	0.004
617.479	0.00407767
617.976	0.0041165
618.141	0.0041165
618.472	0.00403883
618.968	0.00392233
619.133	0.00392233
619.464	0.00396117
619.961	0.004
620.126	0.004
620.457	0.004
620.953	0.004
621.118	0.004
621.449	0.00396117
621.946	0.00392233
622.111	0.00392233
622.442	0.00392233
622.938	0.00392233
623.103	0.00396117
623.434	0.0041165
623.931	0.00431068
624.096	0.00431068
624.427	0.00423301
624.923	0.00415534
625.088	0.00415534
625.419	0.00427184
625.916	0.00442718
626.081	0.00442718
626.412	0.00431068
626.908	0.00419417
627.073	0.00419417
627.404	0.00427184
627.901	0.00431068
628.066	0.00427184
628.397	0.00403883
628.893	0.00376699
629.058	0.00372816
629.389	0.00380583
629.886	0.00384466
630.051	0.00384466
630.382	0.00372816
630.878	0.00357282
631.043	0.00357282
631.374	0.00368932
631.871	0.00380583
632.036	0.00380583
632.367	0.00368932
632.863	0.00357282
633.028	0.00361165
633.359	0.00376699
633.856	0.00396117
634.021	0.00396117
634.352	0.00396117
634.848	0.00396117
635.013	0.00396117
635.344	0.00392233
635.841	0.0038835
636.006	0.0038835
636.337	0.00392233
636.833	0.00396117
636.998	0.00396117
637.329	0.00403883
637.826	0.0041165
637.991	0.00407767
638.322	0.00396117
638.818	0.00384466
638.983	0.00384466
639.314	0.00384466
639.811	0.00384466
639.976	0.00384466
640.307	0.0038835
640.803	0.00392233
640.968	0.0038835
641.299	0.00380583
641.796	0.00368932
641.961	0.00365049
642.292	0.00353398
642.788	0.00341748
642.953	0.00341748
643.284	0.00349515
643.781	0.00357282
643.946	0.00357282
644.277	0.00353398
644.773	0.00345631
644.938	0.00345631
645.269	0.00349515
645.766	0.00353398
645.931	0.00357282
646.262	0.00365049
646.758	0.00372816
646.923	0.00376699
647.254	0.00384466
647.751	0.00396117
647.916	0.00396117
648.247	0.00396117
648.743	0.00396117
648.908	0.00396117
649.239	0.00396117
649.736	0.00396117
649.901	0.00392233
650.232	0.0038835
650.728	0.00380583
650.894	0.00376699
651.224	0.00365049
651.721	0.00349515
651.886	0.00349515
652.217	0.00353398
652.713	0.00357282
652.879	0.00361165
653.209	0.00361165
653.706	0.00361165
653.871	0.00361165
654.202	0.00361165
654.698	0.00365049
654.864	0.00365049
655.194	0.00365049
655.691	0.00368932
655.856	0.00368932
656.187	0.00376699
656.683	0.00384466
656.849	0.00384466
657.179	0.00376699
657.676	0.00368932
657.841	0.00368932
658.172	0.00372816
658.668	0.00376699
658.834	0.00380583
659.164	0.00380583
659.661	0.00380583
659.826	0.00380583
660.157	0.0038835
660.653	0.00392233
660.819	0.00392233
661.149	0.0038835
661.646	0.00380583
661.811	0.00376699
662.142	0.00368932
662.638	0.00357282
662.804	0.00357282
663.134	0.00353398
663.631	0.00349515
663.796	0.00349515
664.127	0.00349515
664.623	0.00349515
664.789	0.00349515
665.119	0.00353398
665.616	0.00357282
665.781	0.00361165
666.112	0.00368932
666.608	0.00380583
666.774	0.00380583
667.104	0.0038835
667.601	0.004
667.766	0.004
668.097	0.00403883
668.593	0.00407767
668.759	0.00407767
669.089	0.00407767
669.586	0.00407767
669.751	0.00407767
670.082	0.004
670.578	0.00392233
670.744	0.00392233
671.074	0.00392233
671.571	0.00396117
671.736	0.00396117
672.067	0.00403883
672.563	0.00415534
672.729	0.00415534
673.059	0.0041165
673.556	0.00407767
673.721	0.00407767
674.052	0.00407767
674.548	0.00407767
674.714	0.00407767
675.044	0.0041165
675.541	0.00415534
675.706	0.00415534
676.037	0.00419417
676.533	0.00423301
676.699	0.00423301
677.029	0.00423301
677.526	0.00423301
677.691	0.00423301
678.022	0.00427184
678.518	0.00431068
678.684	0.00431068
679.014	0.00434951
679.511	0.00438835
679.676	0.00434951
680.007	0.00427184
680.503	0.00415534
680.669	0.00407767
680.999	0.00396117
681.496	0.00380583
681.661	0.00376699
681.992	0.00372816
682.488	0.00368932
682.654	0.00365049
682.984	0.00357282
683.481	0.00345631
683.646	0.00345631
683.977	0.00349515
684.473	0.00353398
684.639	0.00353398
684.969	0.00353398
685.466	0.00357282
685.631	0.00361165
685.962	0.00376699
686.458	0.00392233
686.624	0.00396117
686.954	0.0038835
687.451	0.00384466
687.616	0.00384466
687.947	0.00392233
688.443	0.00403883
688.609	0.00403883
688.939	0.00396117
689.436	0.0038835
689.601	0.00392233
689.932	0.004
690.428	0.00407767
690.594	0.0041165
690.924	0.0041165
691.421	0.0041165
691.586	0.0041165
691.917	0.00415534
692.413	0.00419417
692.579	0.00419417
692.909	0.00415534
693.406	0.00407767
693.571	0.00407767
693.902	0.00403883
694.398	0.004
694.564	0.004
694.894	0.00403883
695.391	0.00407767
695.556	0.00407767
695.887	0.00407767
696.383	0.00403883
696.549	0.00403883
696.879	0.004
697.376	0.00396117
697.541	0.00396117
697.872	0.00392233
698.368	0.00392233
698.534	0.00396117
698.864	0.00407767
699.361	0.00423301
699.526	0.00423301
699.857	0.00423301
700.353	0.00423301
700.519	0.00423301
700.849	0.00419417
701.346	0.00415534
701.511	0.00419417
701.842	0.00427184
702.338	0.00438835
702.504	0.00438835
702.834	0.00434951
703.331	0.00427184
703.496	0.00427184
703.827	0.00419417
704.323	0.0041165
704.489	0.0041165
704.819	0.00419417
705.316	0.00427184
705.481	0.00427184
705.812	0.00423301
706.308	0.00415534
706.474	0.00415534
706.804	0.00403883
707.301	0.00392233
707.466	0.0038835
707.797	0.0038835
708.293	0.0038835
708.459	0.00384466
708.789	0.00376699
709.286	0.00368932
709.451	0.00365049
709.782	0.00361165
710.278	0.00353398
710.444	0.00353398
710.774	0.00345631
711.271	0.00341748
711.436	0.00341748
711.767	0.00357282
712.263	0.00372816
712.429	0.00376699
712.759	0.00368932
713.256	0.00361165
713.421	0.00361165
713.752	0.00372816
714.248	0.0038835
714.414	0.0038835
714.744	0.00384466
715.241	0.00380583
715.406	0.00384466
715.737	0.00403883
716.233	0.00427184
716.399	0.00431068
716.729	0.00423301
717.226	0.00415534
717.391	0.00415534
717.722	0.00423301
718.218	0.00434951
718.384	0.00434951
718.714	0.00427184
719.211	0.00419417
719.376	0.00415534
719.707	0.00407767
720.203	0.00392233
720.369	0.0038835
720.699	0.00380583
721.196	0.00368932
721.361	0.00365049
721.692	0.00361165
722.188	0.00357282
722.354	0.00357282
722.684	0.00353398
723.181	0.00349515
723.346	0.00349515
723.677	0.00341748
724.173	0.00337864
724.339	0.00337864
724.669	0.00353398
725.166	0.00372816
725.331	0.00376699
725.662	0.00376699
726.158	0.00380583
726.324	0.00380583
726.654	0.00384466
727.151	0.00392233
727.316	0.00392233
727.647	0.00392233
728.143	0.00396117
728.309	0.004
728.639	0.00419417
729.136	0.00438835
729.301	0.00442718
729.632	0.00438835
730.128	0.00434951
730.294	0.00431068
730.624	0.00419417
731.121	0.00407767
731.286	0.00407767
731.617	0.00407767
732.113	0.00407767
732.279	0.00407767
732.609	0.0041165
733.106	0.00415534
733.271	0.00415534
733.602	0.0041165
734.098	0.00403883
734.264	0.00396117
734.594	0.00380583
735.091	0.00365049
735.256	0.00365049
735.587	0.00380583
736.083	0.00396117
736.249	0.00396117
736.58	0.00380583
737.076	0.00365049
737.241	0.00365049
737.572	0.00372816
738.068	0.00384466
738.234	0.0038835
738.565	0.0038835
739.061	0.0038835
739.226	0.00392233
739.557	0.004
740.053	0.0041165
740.219	0.00415534
740.55	0.00423301
741.046	0.00431068
741.211	0.00434951
741.542	0.00442718
742.038	0.00450485
742.204	0.00450485
742.535	0.00446602
743.031	0.00438835
743.196	0.00434951
743.527	0.00423301
744.023	0.00407767
744.189	0.00407767
744.52	0.0041165
745.016	0.0041165
745.181	0.00407767
745.512	0.00392233
746.008	0.00372816
746.174	0.00368932
746.505	0.00357282
747.001	0.00345631
747.166	0.00341748
747.497	0.00337864
747.993	0.00333981
748.159	0.00333981
748.49	0.00337864
748.986	0.00341748
749.151	0.00341748
749.482	0.00333981
749.978	0.00330097
750.144	0.00330097
750.475	0.00341748
750.971	0.00357282
751.136	0.00361165
751.467	0.00372816
751.963	0.0038835
752.129	0.0038835
752.46	0.00384466
752.956	0.00384466
753.121	0.00384466
753.452	0.00392233
753.948	0.004
754.114	0.00403883
754.445	0.0041165
754.941	0.00415534
755.106	0.0041165
755.437	0.00396117
755.933	0.00376699
756.099	0.00372816
756.43	0.00376699
756.926	0.00380583
757.091	0.00380583
757.422	0.00380583
757.918	0.00376699
758.084	0.00376699
758.415	0.00372816
758.911	0.00368932
759.076	0.00365049
759.407	0.00365049
759.903	0.00365049
760.069	0.00365049
760.4	0.00368932
760.896	0.00376699
761.061	0.00376699
761.392	0.00380583
761.888	0.00384466
762.054	0.00384466
762.385	0.00380583
762.881	0.00380583
763.046	0.00380583
763.377	0.00384466
763.873	0.00392233
764.039	0.00392233
764.37	0.00396117
764.866	0.004
765.031	0.004
765.362	0.00392233
765.858	0.00380583
766.024	0.00380583
766.355	0.00380583
766.851	0.00380583
767.016	0.00376699
767.347	0.00368932
767.843	0.00361165
768.009	0.00361165
768.34	0.00368932
768.836	0.00376699
769.001	0.00376699
769.332	0.00372816
769.828	0.00372816
769.994	0.00372816
770.325	0.00380583
770.821	0.0038835
770.986	0.00392233
771.317	0.00392233
771.813	0.00396117
771.979	0.004
772.31	0.0041165
772.806	0.00423301
772.971	0.00423301
773.302	0.0041165
773.798	0.004
773.964	0.00396117
774.295	0.00396117
774.791	0.004
774.956	0.00403883
775.287	0.00419417
775.783	0.00438835
775.949	0.00438835
776.28	0.00431068
776.776	0.00419417
776.941	0.00415534
777.272	0.00407767
777.768	0.00396117
777.934	0.00396117
778.265	0.00396117
778.761	0.004
778.926	0.004
779.257	0.00403883
779.753	0.00407767
779.919	0.00403883
780.25	0.00396117
780.746	0.0038835
780.911	0.00384466
781.242	0.00380583
781.738	0.00376699
781.904	0.00376699
782.235	0.00380583
782.731	0.00384466
782.896	0.00384466
783.227	0.00380583
783.723	0.00372816
783.889	0.00372816
784.22	0.00372816
784.716	0.00372816
784.881	0.00372816
785.212	0.00372816
785.708	0.00372816
785.874	0.00376699
786.205	0.00384466
786.701	0.00392233
786.866	0.00396117
787.197	0.00396117
787.693	0.004
787.859	0.00403883
788.19	0.00419417
788.686	0.00442718
788.851	0.00446602
789.182	0.00462136
789.678	0.0047767
789.844	0.00481553
790.175	0.00473786
790.671	0.00462136
790.836	0.00462136
791.167	0.00466019
791.663	0.00473786
791.829	0.00473786
792.16	0.0047767
792.656	0.00485437
792.821	0.00485437
793.152	0.00485437
793.648	0.00485437
793.814	0.00481553
794.145	0.00469903
794.641	0.00454369
794.806	0.00454369
795.137	0.00458252
795.633	0.00466019
795.799	0.00466019
796.13	0.00466019
796.626	0.00466019
796.791	0.00469903
797.122	0.0047767
797.618	0.00485437
797.784	0.0048932
798.115	0.00493204
798.611	0.00497087
798.776	0.00497087
799.107	0.00500971
799.603	0.00504854
799.769	0.00508738
800.1	0.00512621
800.596	0.00520388
800.761	0.00520388
801.092	0.00528155
801.588	0.00539806
801.754	0.00543689
802.085	0.00551456
802.581	0.00559223
802.746	0.00563107
803.077	0.0056699
803.573	0.00574757
803.739	0.00574757
804.07	0.00574757
804.566	0.00574757
804.731	0.00578641
805.062	0.00582524
805.558	0.00586408
805.724	0.00590291
806.055	0.00594175
806.551	0.00598058
806.716	0.00601942
807.047	0.00605825
807.543	0.00613592
807.709	0.00613592
808.04	0.00617476
808.536	0.00625243
808.701	0.00625243
809.032	0.00625243
809.528	0.00629126
809.694	0.0063301
810.025	0.00640777
810.521	0.00652427
810.686	0.00656311
811.017	0.00667961
811.513	0.00683495
811.679	0.00687379
812.01	0.00691262
812.506	0.00699029
812.671	0.00702913
813.002	0.00706796
813.498	0.00714563
813.664	0.0072233
813.995	0.00741748
814.491	0.00768932
814.656	0.00772816
814.987	0.00784466
815.483	0.008
815.649	0.00803883
815.98	0.00807767
816.476	0.0081165
816.641	0.0081165
816.972	0.00807767
817.468	0.00803883
817.634	0.00803883
817.965	0.00815534
818.461	0.00827184
818.626	0.00823301
818.957	0.00807767
819.453	0.00792233
819.619	0.00792233
819.95	0.00803883
820.446	0.00815534
820.611	0.00819417
820.942	0.00823301
821.438	0.00834951
821.604	0.00838835
821.935	0.00854369
822.431	0.0087767
822.596	0.00885437
822.927	0.00897087
823.423	0.00916505
823.589	0.00928155
823.92	0.00959223
824.416	0.00998058
824.581	0.0100583
824.912	0.0100194
825.408	0.0100583
825.574	0.0101359
825.905	0.0104078
826.401	0.0107961
826.566	0.0109126
826.897	0.0111456
827.393	0.0114175
827.559	0.0114951
827.89	0.011534
828.386	0.0116505
828.551	0.0116893
828.882	0.0118447
829.378	0.0120388
829.544	0.0120777
829.875	0.0121553
830.371	0.0122718
830.536	0.0123107
830.867	0.0124272
831.363	0.0125825
831.529	0.0126602
831.86	0.012699
832.356	0.0128544
832.521	0.0129709
832.852	0.0133981
833.348	0.0139806
833.514	0.0141748
833.845	0.0145243
834.341	0.0150291
834.506	0.0151845
834.837	0.0154951
835.333	0.0159612
835.499	0.0160777
835.83	0.0163495
836.326	0.0167379
836.491	0.0168932
836.822	0.0172039
837.318	0.0175922
837.484	0.0176311
837.815	0.0175922
838.311	0.0175922
838.476	0.0176311
838.807	0.0177476
839.303	0.0179806
839.469	0.0180971
839.8	0.0182913
840.296	0.0186796
840.461	0.0188738
840.792	0.0193786
841.288	0.0200777
841.454	0.020233
841.785	0.020466
842.281	0.0208155
842.446	0.020932
842.777	0.0211262
843.273	0.0213981
843.439	0.0215146
843.77	0.0216311
844.266	0.0219029
844.431	0.0220583
844.762	0.0226019
845.258	0.0232233
845.424	0.0232621
845.755	0.022835
846.251	0.0225631
846.416	0.0226796
846.747	0.0233398
847.243	0.0243107
847.409	0.0246214
847.74	0.0252427
848.236	0.0261359
848.401	0.0264078
848.732	0.0270291
849.228	0.0278447
849.394	0.0280777
849.725	0.0282718
850.221	0.0287379
850.386	0.0290097
850.717	0.0299029
851.213	0.031068
851.379	0.031301
851.71	0.0314951
852.206	0.0318058
852.371	0.0319223
852.702	0.0321553
853.198	0.0326214
853.364	0.0328155
853.695	0.0332816
854.191	0.0340583
854.356	0.0343689
854.687	0.0351845
855.183	0.0363495
855.349	0.0367379
855.68	0.0374369
856.176	0.0384466
856.341	0.0387573
856.672	0.0392233
857.168	0.0401165
857.334	0.0405049
857.665	0.0416311
858.161	0.0431845
858.326	0.0435728
858.657	0.0441942
859.153	0.0450874
859.319	0.0453981
859.65	0.0459417
860.146	0.0467573
860.311	0.0469903
860.642	0.047301
861.138	0.048
861.304	0.0483883
861.635	0.0496699
862.131	0.0513786
862.296	0.0518058
862.627	0.0523495
863.123	0.0532427
863.289	0.0535534
863.62	0.0542524
864.116	0.0553398
864.281	0.0557282
864.612	0.0566602
865.109	0.0579806
865.274	0.0583689
865.605	0.059068
866.101	0.0601165
866.266	0.0605049
866.597	0.0613204
867.094	0.0624854
867.259	0.0628738
867.59	0.0634175
868.086	0.064466
868.251	0.0649709
868.582	0.0663689
869.079	0.0683495
869.244	0.0689709
869.575	0.0699806
870.071	0.0716117
870.236	0.0722718
870.567	0.0739029
871.064	0.0761553
871.229	0.0767379
871.56	0.0775146
872.056	0.0789515
872.221	0.0796117
872.552	0.0812427
873.049	0.0836893
873.214	0.0845049
873.545	0.0861359
874.041	0.0885825
874.206	0.0893981
874.537	0.0910291
875.034	0.0934757
875.199	0.0942913
875.53	0.0959612
876.026	0.0984854
876.191	0.0993398
876.522	0.101126
877.019	0.103806
877.184	0.10466
877.515	0.10633
878.011	0.108816
878.176	0.109631
878.507	0.111184
879.004	0.113515
879.169	0.114291
879.5	0.115728
879.996	0.117981
880.161	0.118796
880.492	0.120466
880.989	0.123029
881.154	0.123922
881.485	0.125825
881.981	0.128544
882.146	0.129398
882.477	0.130874
882.974	0.133243
883.139	0.134097
883.47	0.135922
883.966	0.138796
884.131	0.139883
884.462	0.142214
884.959	0.145709
885.124	0.146874
885.455	0.149204
885.951	0.15266
886.116	0.153748
886.447	0.155728
886.944	0.158951
887.109	0.160155
887.44	0.163107
887.936	0.167184
888.101	0.168311
888.432	0.170019
888.929	0.172777
889.094	0.173825
889.425	0.176194
889.921	0.179689
890.086	0.180816
890.417	0.18299
890.914	0.18633
891.079	0.187534
891.41	0.190058
891.906	0.193825
892.071	0.195029
892.402	0.197398
892.899	0.201049
893.064	0.20233
893.395	0.205165
893.891	0.209243
894.056	0.210485
894.387	0.21266
894.884	0.216
895.049	0.217165
895.38	0.219573
895.876	0.223262
896.041	0.224505
896.372	0.227107
896.869	0.231029
897.034	0.23235
897.365	0.23499
897.861	0.238913
898.026	0.240233
898.357	0.242718
898.854	0.246563
899.019	0.247961
899.35	0.250913
899.846	0.25534
900.011	0.256854
900.342	0.259806
900.839	0.264272
901.004	0.265825
901.335	0.269049
901.831	0.273786
901.996	0.275262
902.327	0.277981
902.824	0.282252
902.989	0.283806
903.32	0.287262
903.816	0.292272
903.981	0.293864
904.312	0.296738
904.809	0.301204
904.974	0.302835
905.305	0.306563
905.801	0.311845
905.966	0.313437
906.297	0.316039
906.794	0.320233
906.959	0.321825
907.29	0.32532
907.786	0.330602
907.952	0.332427
908.282	0.335922
908.779	0.341476
908.944	0.343573
909.275	0.348388
909.771	0.355379
909.937	0.357553
910.267	0.361359
910.764	0.367456
910.929	0.369709
911.26	0.374913
911.756	0.382408
911.922	0.384738
912.252	0.38866
912.749	0.395029
912.914	0.397476
913.245	0.403068
913.741	0.411379
913.907	0.414058
914.237	0.419223
914.734	0.427146
914.899	0.429864
915.23	0.43565
915.726	0.444117
915.892	0.446835
916.222	0.451534
916.719	0.459223
916.884	0.462252
917.215	0.469437
917.711	0.479883
917.877	0.483107
918.207	0.488932
918.704	0.497903
918.869	0.501087
919.2	0.50765
919.696	0.51767
919.862	0.521165
920.192	0.528078
920.689	0.538913
920.854	0.542835
921.185	0.551728
921.681	0.564466
921.847	0.568272
922.177	0.574718
922.674	0.584854
922.839	0.588505
923.17	0.596466
923.666	0.608272
923.832	0.612117
924.162	0.619029
924.659	0.630291
924.824	0.63468
925.155	0.644621
925.651	0.659534
925.817	0.664466
926.147	0.673981
926.644	0.688777
926.809	0.694058
927.14	0.705204
927.636	0.722136
927.802	0.727961
928.132	0.740233
928.629	0.758136
928.794	0.763767
929.125	0.77468
929.621	0.790524
929.787	0.795456
930.117	0.805165
930.614	0.819029
930.779	0.823184
931.11	0.830447
931.606	0.841515
931.772	0.845282
932.102	0.85367
932.599	0.86532
932.764	0.868621
933.095	0.873864
933.591	0.881903
933.757	0.884738
934.087	0.891029
934.584	0.899845
934.749	0.902369
935.08	0.906214
935.576	0.912466
935.742	0.914874
936.072	0.920272
936.569	0.928427
936.734	0.931184
937.065	0.936932
937.561	0.945359
937.727	0.948039
938.057	0.953049
938.554	0.960699
938.719	0.96334
939.05	0.96901
939.546	0.977243
939.712	0.979806
940.042	0.985282
940.539	0.992427
940.676	0.993942
941.021	0.996621
941.517	0.999417
941.683	0.999534
942.014	0.998602
942.51	0.996544
942.662	0.995417
942.992	0.993126
943.489	0.988427
943.654	0.986019
943.985	0.979961
944.481	0.970097
944.647	0.96633
944.977	0.957437
945.474	0.944621
945.639	0.94066
945.97	0.934447
946.466	0.923534
946.632	0.918874
946.962	0.907922
947.459	0.890757
947.624	0.884505
947.955	0.871184
948.451	0.850951
948.617	0.844
948.947	0.830252
949.444	0.808854
949.609	0.801165
949.94	0.785592
950.436	0.760971
950.602	0.751922
950.932	0.731806
951.429	0.702175
951.594	0.692621
951.925	0.674175
952.421	0.646602
952.587	0.637515
952.917	0.619223
953.414	0.592078
953.579	0.583223
953.91	0.565981
954.406	0.540117
954.572	0.531495
954.902	0.513942
955.399	0.488039
955.564	0.479689
955.895	0.463417
956.391	0.439223
956.557	0.43134
956.887	0.415534
957.384	0.392427
957.549	0.385087
957.88	0.371184
958.376	0.350291
958.542	0.343301
958.872	0.328777
959.369	0.307689
959.534	0.301126
959.865	0.288583
960.361	0.270291
960.527	0.264544
960.857	0.253515
961.354	0.23732
961.519	0.232155
961.85	0.222097
962.346	0.207301
962.512	0.202563
962.842	0.193126
963.339	0.179456
963.504	0.175223
963.835	0.167029
964.331	0.155301
964.497	0.151767
964.827	0.145398
965.324	0.135961
965.489	0.132893
965.82	0.126524
966.316	0.117553
966.482	0.114913
966.812	0.110369
967.309	0.10365
967.474	0.101437
967.805	0.0968544
968.301	0.0904078
968.467	0.0885049
968.797	0.0852427
969.294	0.0803883
969.459	0.0787961
969.79	0.0755728
970.286	0.0707961
970.452	0.0692427
970.782	0.0660583
971.279	0.0614757
971.444	0.0600777
971.775	0.0574757
972.271	0.0537476
972.437	0.0526214
972.767	0.0505631
973.264	0.0474951
973.429	0.0465243
973.76	0.0446214
974.256	0.0418252
974.422	0.0408932
974.752	0.0389126
975.249	0.0362718
975.414	0.0356117
975.745	0.0347961
976.241	0.0334369
976.407	0.0328932
976.737	0.0314175
977.234	0.0295146
977.399	0.0291262
977.73	0.0288544
978.226	0.0281942
978.392	0.0278447
978.722	0.0265631
979.219	0.0249709
979.384	0.0246602
979.715	0.0245437
980.211	0.024233
980.377	0.024
980.707	0.023301
981.204	0.0223301
981.369	0.0220583
981.7	0.0217087
982.196	0.0210097
982.362	0.020699
982.692	0.0197282
983.189	0.0184854
983.354	0.0182136
983.685	0.0180194
984.181	0.0176311
984.347	0.0174369
984.677	0.0168155
985.174	0.016
985.339	0.0158058
985.67	0.0156117
986.166	0.0153398
986.332	0.0152233
986.662	0.0149126
987.159	0.0145631
987.324	0.0145243
987.655	0.0146408
988.151	0.0147573
988.317	0.0147184
988.647	0.0145243
989.144	0.0142524
989.309	0.0141748
989.64	0.0142524
990.136	0.0140583
990.302	0.0138252
990.632	0.0127767
991.129	0.011534
991.294	0.0113786
991.625	0.0115728
992.121	0.0116893
992.287	0.0116505
992.617	0.0113786
993.114	0.0109126
993.279	0.0107573
993.61	0.0104078
994.106	0.00986408
994.272	0.00970874
994.602	0.00916505
995.099	0.00869903
995.264	0.00881553
995.595	0.00982524
996.091	0.0109126
996.257	0.0109515
996.587	0.0103689
997.084	0.00963107
997.249	0.00947573
997.58	0.00912621
998.076	0.0088932
998.242	0.00897087
998.572	0.0095534
999.069	0.0102913
999.234	0.0104854
999.565	0.0109126
1000.06	0.011301
1000.23	0.0112621
1000.56	0.0106796
1001.05	0.0100583
1001.22	0.00998058
1001.55	0.0100971
1002.05	0.0102913
1002.21	0.0103689
1002.54	0.0106019
1003.04	0.0109126
1003.2	0.0109515
1003.53	0.011068
1004.03	0.0111456
1004.18	0.0111456
1004.51	0.0109515
1005.01	0.0107184
1005.18	0.0106796
1005.51	0.0107184
1006	0.0107184
1006.17	0.0106408
1006.5	0.0103689
1006.99	0.00998058
1007.16	0.00986408
1007.49	0.00970874
1007.99	0.00932039
1008.15	0.00908738
1008.48	0.00823301
1008.98	0.00730097
1009.15	0.00718447
1009.48	0.00745631
1009.97	0.00776699