# Kopp 5113 (4.0 mm) = Corning CS# 5-58
200     0
205     0
210     0
215     0
220     0
225     0
230     0
235     0
240     0
245     0
250     0
255     0
260     0
265     0
270     0
275     0
280     0
285     0
290     0
295     0
300     0
305     0
310     0
315     0
320     0
325     0
330     0
335     0
340     0.0001
345     0.0005
350     0.0031
355     0.0103
360     0.026
365     0.0521
370     0.0879
375     0.1315
380     0.1809
385     0.2354
390     0.2885
395     0.3299
400     0.3533
405     0.3622
410     0.362
415     0.3497
420     0.3348
425     0.3057
430     0.2716
435     0.2336
440     0.1992
445     0.1636
450     0.1236
455     0.0912
460     0.0612
465     0.0342
470     0.0142
475     0.0044
480     0.0011
485     0.0002
490     0
495     0
500     0
505     0
510     0
515     0
520     0
525     0
530     0
535     0
540     0
545     0
550     0
555     0
560     0
565     0
570     0
575     0
580     0
585     0
590     0
595     0
600     0
605     0
610     0
615     0
620     0
625     0
630     0
635     0
640     0
645     0
650     0
655     0
660     0
665     0
670     0
675     0
680     0
685     0
690     0
695     0
700     0
705     0
710     0
715     0
720     0
725     0.0001
730     0.0001
735     0.0001
740     0.0001
745     0
750     0
755     0
760     0
765     0
770     0
775     0.0001
780     0
785     0
790     0
795     0.0001
800     0
805     0
810     0
815     0
820     0
825     0
830     0
835     0
840     0
845     0.0001
850     0
855     0
860     0.0001
865     0.0001
870     0.0001
875     0
880     0
885     0
890     0.0002
895     0.0006
900     0.0003