# Ultima Gold AB + 0.4% 6Li loading "big batch"
# transmission through 10mm
# meas. UGAB_Li_n092515.UDS by Bergeron
300     -0.001
301     -0.001
302     -0.001
303     -0.002
304     -0.002
305     -0.002
306     -0.002
307     -0.002
308     -0.002
309     -0.002
310     -0.002
311     -0.002
312     -0.002
313     -0.002
314     -0.002
315     -0.002
316     -0.002
317     -0.001
318     -0.001
319     -0.001
320     -0.001
321     -0.001
322     -0.002
323     -0.002
324     -0.002
325     -0.002
326     -0.002
327     -0.002
328     -0.002
329     -0.003
330     -0.003
331     -0.003
332     -0.003
333     -0.002
334     -0.002
335     -0.001
336     -0.002
337     -0.002
338     -0.003
339     -0.003
340     -0.004
341     -0.005
342     -0.004
343     -0.004
344     -0.004
345     -0.004
346     -0.004
347     -0.004
348     -0.004
349     -0.004
350     -0.004
351     -0.003
352     -0.003
353     -0.003
354     -0.003
355     -0.003
356     -0.003
357     -0.003
358     -0.003
359     -0.003
360     -0.002
361     -0.002
362     -0.002
363     -0.002
364     -0.003
365     -0.003
366     -0.003
367     -0.004
368     -0.003
369     -0.003
370     -0.002
371     -0.002
372     -0.002
373     -0.002
374     -0.002
375     -0.003
376     -0.003
377     -0.003
378     -0.003
379     -0.002
380     -0.001
381     -0.001
382     -0.001
383     -0.001
384     -0.001
385     -0.001
386     -0.001
387     -0.001
388     -0.002
389     -0.001
390     -0.002
391     -0.002
392     -0.002
393     -0.002
394     -0.002
395     -0.001
396     -0.001
397     -0.001
398     -0.001
399     -0.001
400     0.001
401     0
402     -0.003
403     -0.004
404     -0.001
405     0.004
406     0.021
407     0.058
408     0.118
409     0.197
410     0.292
411     0.395
412     0.498
413     0.592
414     0.673
415     0.737
416     0.786
417     0.824
418     0.857
419     0.881
420     0.9
421     0.915
422     0.931
423     0.942
424     0.952
425     0.959
426     0.966
427     0.971
428     0.975
429     0.979
430     0.982
431     0.985
432     0.987
433     0.989
434     0.991
435     0.992
436     0.994
437     0.996
438     0.997
439     0.998
440     0.999
441     1
442     1.001
443     1.002
444     1.003
445     1.004
446     1.005
447     1.005
448     1.006
449     1.006
450     1.007
451     1.007
452     1.009
453     1.009
454     1.011
455     1.011
456     1.012
457     1.013
458     1.013
459     1.014
460     1.014
461     1.015
462     1.016
463     1.017
464     1.017
465     1.017
466     1.018
467     1.018
468     1.019
469     1.019
470     1.02
471     1.021
472     1.021
473     1.021
474     1.022
475     1.022
476     1.022
477     1.023
478     1.024
479     1.025
480     1.025
481     1.026
482     1.027
483     1.027
484     1.027
485     1.027
486     1.028
487     1.028
488     1.028
489     1.028
490     1.028
491     1.028
492     1.029
493     1.029
494     1.03
495     1.03
496     1.031
497     1.031
498     1.032
499     1.032
500     1.033
501     1.033
502     1.033
503     1.034
504     1.034
505     1.034
506     1.035
507     1.035
508     1.036
509     1.036
510     1.036
511     1.036
512     1.037
513     1.037
514     1.037
515     1.037
516     1.037
517     1.037
518     1.037
519     1.038
520     1.038
521     1.038
522     1.039
523     1.04
524     1.04
525     1.041
526     1.041
527     1.042
528     1.042
529     1.042
530     1.042
531     1.042
532     1.042
533     1.043
534     1.043
535     1.043
536     1.044
537     1.044
538     1.044
539     1.044
540     1.045
541     1.045
542     1.045
543     1.045
544     1.045
545     1.045
546     1.045
547     1.045
548     1.046
549     1.046
550     1.047
551     1.047
552     1.047
553     1.048
554     1.048
555     1.048
556     1.048
557     1.048
558     1.048
559     1.048
560     1.048
561     1.048
562     1.048
563     1.048
564     1.049
565     1.049
566     1.05
567     1.05
568     1.05
569     1.05
570     1.05
571     1.049
572     1.049
573     1.049
574     1.05
575     1.05
576     1.05
577     1.05
578     1.05
579     1.05
580     1.051
581     1.05
582     1.05
583     1.05
584     1.05
585     1.049
586     1.049
587     1.048
588     1.049
589     1.05
590     1.049
591     1.049
592     1.049
593     1.049
594     1.05
595     1.05
596     1.05
597     1.05
598     1.05
599     1.05
600     1.05
601     1.05
602     1.05
603     1.051
604     1.05
605     1.05
606     1.05
607     1.05
608     1.05
609     1.05
610     1.05
611     1.05
612     1.05
613     1.05
614     1.05
615     1.05
616     1.05
617     1.05
618     1.05
619     1.05
620     1.05
621     1.051
622     1.051
623     1.05
624     1.05
625     1.05
626     1.05
627     1.05
628     1.049
629     1.049
630     1.049
631     1.049
632     1.048
633     1.048
634     1.049
635     1.049
636     1.049
637     1.049
638     1.049
639     1.049
640     1.049
641     1.049
642     1.049
643     1.049
644     1.049
645     1.049
646     1.048
647     1.048
648     1.048
649     1.048
650     1.049
651     1.049
652     1.049
653     1.049
654     1.049
655     1.049
656     1.048
657     1.048
658     1.048
659     1.048
660     1.048
661     1.048
662     1.048
663     1.048
664     1.049
665     1.049
666     1.049
667     1.049
668     1.049
669     1.049
670     1.048
671     1.048
672     1.049
673     1.048
674     1.048
675     1.048
676     1.048
677     1.048
678     1.049
679     1.049
680     1.049
681     1.049
682     1.049
683     1.049
684     1.048
685     1.048
686     1.048
687     1.048
688     1.048
689     1.048
690     1.048
691     1.048
692     1.048
693     1.048
694     1.048
695     1.048
696     1.048
697     1.048
698     1.048
699     1.048
700     1.048