250     2.749
250.2   2.988
250.4   3.549
250.6   2.92
250.8   2.908
251     2.883
251.2   3.218
251.4   3.097
251.6   3.457
251.8   2.843
252     2.887
252.2   3.274
252.4   3.111
252.6   3.119
252.8   3.005
253     2.638
253.2   3.101
253.4   2.993
253.6   3.224
253.8   3.258
254     3.734
254.2   2.956
254.4   3.143
254.6   3.076
254.8   2.936
255     3.339
255.2   2.671
255.4   3.247
255.6   3.169
255.8   3.361
256     3.131
256.2   3.177
256.4   3.098
256.6   3.124
256.8   3.167
257     3.486
257.2   3.137
257.4   2.778
257.6   3.305
257.8   2.963
258     3.05
258.2   3.258
258.4   3.316
258.6   2.881
258.8   3.144
259     3.189
259.2   3.267
259.4   2.809
259.6   3.12
259.8   3.2
260     2.981
260.2   3.123
260.4   3.246
260.6   3.171
260.8   3.379
261     3.117
261.2   3.16
261.4   3.377
261.6   2.955
261.8   3.421
262     3.222
262.2   3.105
262.4   2.879
262.6   3.416
262.8   3.069
263     3.154
263.2   3.443
263.4   3.105
263.6   2.916
263.8   2.981
264     2.988
264.2   2.959
264.4   2.852
264.6   3.228
264.8   3.012
265     3.38
265.2   3.278
265.4   3.13
265.6   2.907
265.8   2.62
266     3.346
266.2   2.929
266.4   2.816
266.6   3.311
266.8   2.905
267     3.458
267.2   3.595
267.4   3.299
267.6   3.196
267.8   3.185
268     2.726
268.2   2.97
268.4   3.089
268.6   3.088
268.8   3.324
269     3.181
269.2   3.087
269.4   3.098
269.6   2.729
269.8   3.42
270     3.088
270.2   3.185
270.4   3.188
270.6   3.143
270.8   3.711
271     3.134
271.2   3.02
271.4   2.844
271.6   2.627
271.8   2.963
272     2.865
272.2   3.039
272.4   2.451
272.6   2.841
272.8   2.79
273     3.03
273.2   3.613
273.4   3.048
273.6   2.707
273.8   3.018
274     2.257
274.2   2.812
274.4   2.651
274.6   3.757
274.8   3.505
275     2.942
275.2   3.327
275.4   2.97
275.6   3.138
275.8   2.92
276     2.937
276.2   3.224
276.4   2.684
276.6   3.192
276.8   3.056
277     2.815
277.2   2.516
277.4   2.699
277.6   3.442
277.8   3.154
278     3.028
278.2   2.982
278.4   3.167
278.6   3.446
278.8   3.022
279     3.053
279.2   3.129
279.4   2.635
279.6   3.216
279.8   3.107
280     3.104
280.2   3.038
280.4   2.758
280.6   2.795
280.8   2.826
281     2.969
281.2   2.904
281.4   3.312
281.6   3.124
281.8   3.126
282     3.241
282.2   3.064
282.4   3.162
282.6   2.781
282.8   2.725
283     2.672
283.2   2.532
283.4   2.907
283.6   2.889
283.8   3.236
284     3.739
284.2   3.01
284.4   2.603
284.6   2.927
284.8   2.627
285     3.383
285.2   2.727
285.4   3.374
285.6   2.859
285.8   3.375
286     2.804
286.2   3.047
286.4   3.304
286.6   3.21
286.8   2.818
287     3.36
287.2   3.102
287.4   3.146
287.6   3.157
287.8   2.943
288     3.343
288.2   2.683
288.4   3.259
288.6   2.992
288.8   2.771
289     3.31
289.2   3.116
289.4   2.947
289.6   3.23
289.8   3.039
290     3.335
290.2   3.378
290.4   2.9
290.6   3.166
290.8   3.402
291     3.105
291.2   2.858
291.4   3.227
291.6   3.61
291.8   3.553
292     3.49
292.2   3.38
292.4   2.857
292.6   2.837
292.8   3.473
293     3.234
293.2   3.304
293.4   3.379
293.6   3.145
293.8   3.192
294     3.495
294.2   3.029
294.4   2.713
294.6   3.02
294.8   3.045
295     2.464
295.2   3.394
295.4   3.041
295.6   3.476
295.8   3.197
296     2.867
296.2   3.087
296.4   2.685
296.6   2.953
296.8   2.859
297     3.079
297.2   2.995
297.4   2.838
297.6   2.996
297.8   2.856
298     3.092
298.2   3.177
298.4   2.45
298.6   2.881
298.8   2.607
299     2.684
299.2   3.203
299.4   2.879
299.6   3.048
299.8   3.17
300     2.868
300.2   3.258
300.4   2.487
300.6   2.558
300.8   3.388
301     3.205
301.2   3.266
301.4   2.918
301.6   2.992
301.8   3.056
302     2.755
302.2   2.836
302.4   2.869
302.6   3.11
302.8   3.078
303     3.32
303.2   3.055
303.4   2.772
303.6   3.194
303.8   2.97
304     3.225
304.2   3.265
304.4   2.748
304.6   3.139
304.8   2.913
305     2.948
305.2   3.152
305.4   2.869
305.6   3.235
305.8   3.097
306     3.299
306.2   2.939
306.4   3.42
306.6   3.141
306.8   3.53
307     3.464
307.2   3.571
307.4   3.342
307.6   3.249
307.8   3.065
308     2.643
308.2   3.092
308.4   3.339
308.6   3.297
308.8   2.962
309     3.181
309.2   2.43
309.4   3.32
309.6   3.459
309.8   3.088
310     3.362
310.2   3.114
310.4   3.394
310.6   3.345
310.8   2.661
311     2.773
311.2   3.192
311.4   3.107
311.6   3.156
311.8   3.3
312     3.037
312.2   2.748
312.4   3.359
312.6   2.836
312.8   2.903
313     3.716
313.2   3.049
313.4   2.972
313.6   3.154
313.8   3.024
314     2.917
314.2   3.264
314.4   3.053
314.6   3.243
314.8   3.254
315     3.004
315.2   3.184
315.4   2.998
315.6   3.662
315.8   3.345
316     3.622
316.2   3.383
316.4   2.963
316.6   3.232
316.8   3.045
317     3.08
317.2   3.481
317.4   3.093
317.6   3.391
317.8   3.17
318     3.336
318.2   3.065
318.4   3.577
318.6   3.356
318.8   3.35
319     3.282
319.2   2.945
319.4   3.141
319.6   3.078
319.8   2.856
320     3.032
320.2   2.823
320.4   3.59
320.6   3.053
320.8   3.451
321     3.276
321.2   2.981
321.4   3.179
321.6   3.403
321.8   3.287
322     2.856
322.2   2.985
322.4   3.366
322.6   3.275
322.8   3.321
323     3.338
323.2   3.196
323.4   3.161
323.6   3.117
323.8   2.811
324     2.971
324.2   2.978
324.4   3.094
324.6   3.457
324.8   3.526
325     3.222
325.2   3.553
325.4   3.557
325.6   3.464
325.8   3.36
326     2.829
326.2   3.325
326.4   3.347
326.6   3.463
326.8   3.13
327     3.178
327.2   2.854
327.4   3.147
327.6   2.971
327.8   3.391
328     2.974
328.2   2.979
328.4   2.768
328.6   3.015
328.8   3.165
329     3.167
329.2   3.573
329.4   3.031
329.6   2.912
329.8   3.246
330     3.239
330.2   3.207
330.4   3.203
330.6   3.112
330.8   3.376
331     3.238
331.2   2.915
331.4   3.241
331.6   2.912
331.8   3.123
332     3.012
332.2   2.81
332.4   2.961
332.6   3.304
332.8   3.074
333     3.125
333.2   3.374
333.4   2.703
333.6   3.426
333.8   3.373
334     3.143
334.2   3.063
334.4   3.338
334.6   3.029
334.8   2.924
335     2.762
335.2   2.976
335.4   3.035
335.6   3.064
335.8   3.12
336     3.066
336.2   3.059
336.4   3.319
336.6   3.468
336.8   2.987
337     3.221
337.2   3.489
337.4   3.427
337.6   3.79
337.8   3.115
338     3.306
338.2   3.383
338.4   3.497
338.6   3.22
338.8   3.392
339     3.062
339.2   3.799
339.4   3.326
339.6   3.228
339.8   3.212
340     3.631
340.2   3.273
340.4   3.324
340.6   3.472
340.8   3.244
341     3.297
341.2   3.366
341.4   3.602
341.6   4.266
341.8   3.649
342     3.411
342.2   3.211
342.4   3.685
342.6   3.757
342.8   3.622
343     3.651
343.2   3.354
343.4   3.813
343.6   3.161
343.8   3.381
344     3.942
344.2   3.261
344.4   3.035
344.6   3.688
344.8   3.776
345     3.385
345.2   3.644
345.4   3.723
345.6   3.545
345.8   3.105
346     3.358
346.2   3.334
346.4   3.438
346.6   3.446
346.8   3.302
347     3.768
347.2   3.609
347.4   3.394
347.6   3.837
347.8   3.241
348     3.534
348.2   3.172
348.4   3.77
348.6   3.831
348.8   3.456
349     3.492
349.2   3.82
349.4   4.128
349.6   4.061
349.8   3.57
350     3.39
350.2   4.089
350.4   3.959
350.6   4.003
350.8   3.826
351     3.781
351.2   3.718
351.4   3.994
351.6   3.998
351.8   3.523
352     3.98
352.2   3.747
352.4   3.479
352.6   3.371
352.8   3.912
353     3.826
353.2   3.964
353.4   3.759
353.6   3.681
353.8   4.127
354     3.451
354.2   3.926
354.4   3.433
354.6   3.51
354.8   4.229
355     4.073
355.2   3.868
355.4   3.923
355.6   3.88
355.8   3.827
356     4.095
356.2   3.769
356.4   3.692
356.6   4.304
356.8   3.733
357     3.89
357.2   4.068
357.4   4.029
357.6   3.91
357.8   3.853
358     3.934
358.2   3.867
358.4   4.165
358.6   3.865
358.8   4.035
359     3.784
359.2   3.819
359.4   4.403
359.6   4.206
359.8   4.363
360     4.071
360.2   4.465
360.4   3.851
360.6   4.355
360.8   4.061
361     3.983
361.2   3.776
361.4   3.717
361.6   3.847
361.8   3.894
362     4.183
362.2   4.152
362.4   4.372
362.6   4.051
362.8   3.767
363     3.995
363.2   3.873
363.4   3.747
363.6   4.067
363.8   3.881
364     3.764
364.2   3.843
364.4   4.294
364.6   3.585
364.8   4.125
365     4.093
365.2   3.72
365.4   3.994
365.6   3.925
365.8   4.13
366     3.888
366.2   3.943
366.4   4.384
366.6   4.109
366.8   4.582
367     4.229
367.2   4.254
367.4   3.724
367.6   3.882
367.8   3.74
368     4.348
368.2   3.983
368.4   4.615
368.6   4.091
368.8   3.849
369     3.949
369.2   4.062
369.4   4.352
369.6   4.299
369.8   4.053
370     4.406
370.2   4.234
370.4   4.567
370.6   3.869
370.8   4.272
371     3.743
371.2   4.115
371.4   4.405
371.6   4.247
371.8   3.752
372     3.832
372.2   4.022
372.4   4.802
372.6   4.407
372.8   4.162
373     4.428
373.2   4.349
373.4   4.356
373.6   4.429
373.8   4.25
374     4.286
374.2   4.092
374.4   4.011
374.6   4.852
374.8   4.294
375     4.128
375.2   4.364
375.4   4.852
375.6   4.214
375.8   4.684
376     4.718
376.2   4.692
376.4   4.109
376.6   4.543
376.8   4.999
377     4.709
377.2   5.082
377.4   4.437
377.6   4.728
377.8   4.822
378     3.68
378.2   4.322
378.4   4.128
378.6   4.505
378.8   4.354
379     4.688
379.2   4.626
379.4   4.838
379.6   4.187
379.8   4.633
380     4.894
380.2   4.415
380.4   5.064
380.6   4.176
380.8   4.342
381     4.42
381.2   5.013
381.4   4.423
381.6   4.608
381.8   4.572
382     4.33
382.2   4.323
382.4   4.155
382.6   4.541
382.8   4.913
383     4.742
383.2   4.079
383.4   4.24
383.6   4.591
383.8   4.636
384     4.797
384.2   5.365
384.4   4.979
384.6   4.399
384.8   4.639
385     4.973
385.2   4.966
385.4   4.886
385.6   4.67
385.8   4.643
386     4.531
386.2   4.627
386.4   4.727
386.6   4.963
386.8   5.55
387     5.209
387.2   5.063
387.4   5.248
387.6   5.478
387.8   5.329
388     5.161
388.2   4.643
388.4   4.84
388.6   5.142
388.8   4.93
389     4.662
389.2   5.442
389.4   5.754
389.6   5.007
389.8   5.654
390     5.564
390.2   5.347
390.4   5.665
390.6   5.72
390.8   5.257
391     5.228
391.2   5.813
391.4   5.816
391.6   5.465
391.8   6.118
392     5.44
392.2   5.811
392.4   5.85
392.6   6.409
392.8   5.649
393     6.115
393.2   6.286
393.4   5.987
393.6   6.397
393.8   6.017
394     6.441
394.2   6.525
394.4   6.371
394.6   6.703
394.8   7.043
395     6.933
395.2   6.641
395.4   7.187
395.6   6.89
395.8   7.446
396     7.84
396.2   7.822
396.4   7.464
396.6   8.151
396.8   8.176
397     8.307
397.2   9.11
397.4   9.573
397.6   9.764
397.8   9.26
398     9.945
398.2   9.716
398.4   10.66
398.6   12.1
398.8   13.1
399     12.45
399.2   14.83
399.4   15.86
399.6   16.71
399.8   18.21
400     20.29
400.2   22.47
400.4   25.61
400.6   27.2
400.8   31.86
401     36.69
401.2   41.4
401.4   46.47
401.6   51.56
401.8   57.66
402     65.87
402.2   78.21
402.4   89.88
402.6   102.3
402.8   116.9
403     128.1
403.2   150
403.4   165.7
403.6   199.7
403.8   233.5
404     268.4
404.2   307.3
404.4   342.4
404.6   382.7
404.8   429.6
405     464.2
405.2   533.5
405.4   581.4
405.6   644
405.8   702.1
406     771.7
406.2   831.8
406.4   911.6
406.6   992.9
406.8   1145
407     1325
407.2   1569
407.4   1783
407.6   1941
407.8   1995
408     2015
408.2   1986
408.4   1947
408.6   1939
408.8   1933
409     1926
409.2   1934
409.4   1941
409.6   1968
409.8   2001
410     2060
410.2   2116
410.4   2170
410.6   2220
410.8   2257
411     2286
411.2   2322
411.4   2368
411.6   2417
411.8   2450
412     2472
412.2   2515
412.4   2555
412.6   2576
412.8   2610
413     2622
413.2   2665
413.4   2683
413.6   2727
413.8   2744
414     2749
414.2   2774
414.4   2802
414.6   2820
414.8   2860
415     2874
415.2   2898
415.4   2904
415.6   2942
415.8   2965
416     2990
416.2   2999
416.4   3046
416.6   3049
416.8   3085
417     3107
417.2   3136
417.4   3146
417.6   3171
417.8   3188
418     3224
418.2   3240
418.4   3270
418.6   3294
418.8   3313
419     3336
419.2   3358
419.4   3391
419.6   3415
419.8   3452
420     3468
420.2   3513
420.4   3531
420.6   3553
420.8   3576
421     3596
421.2   3628
421.4   3656
421.6   3684
421.8   3711
422     3733
422.2   3748
422.4   3783
422.6   3792
422.8   3840
423     3846
423.2   3884
423.4   3901
423.6   3924
423.8   3939
424     3954
424.2   3970
424.4   3990
424.6   4025
424.8   4039
425     4060
425.2   4064
425.4   4073
425.6   4113
425.8   4102
426     4114
426.2   4137
426.4   4132
426.6   4158
426.8   4158
427     4163
427.2   4169
427.4   4165
427.6   4163
427.8   4176
428     4175
428.2   4166
428.4   4161
428.6   4166
428.8   4150
429     4165
429.2   4130
429.4   4137
429.6   4124
429.8   4117
430     4109
430.2   4091
430.4   4086
430.6   4077
430.8   4044
431     4045
431.2   4007
431.4   3992
431.6   3978
431.8   3950
432     3933
432.2   3917
432.4   3897
432.6   3867
432.8   3834
433     3829
433.2   3791
433.4   3767
433.6   3738
433.8   3703
434     3670
434.2   3654
434.4   3626
434.6   3601
434.8   3562
435     3534
435.2   3500
435.4   3465
435.6   3428
435.8   3405
436     3367
436.2   3331
436.4   3326
436.6   3287
436.8   3249
437     3234
437.2   3190
437.4   3162
437.6   3141
437.8   3108
438     3080
438.2   3052
438.4   3025
438.6   2986
438.8   2964
439     2934
439.2   2907
439.4   2875
439.6   2852
439.8   2848
440     2805
440.2   2787
440.4   2768
440.6   2729
440.8   2704
441     2684
441.2   2666
441.4   2643
441.6   2629
441.8   2593
442     2580
442.2   2552
442.4   2532
442.6   2517
442.8   2497
443     2494
443.2   2479
443.4   2443
443.6   2431
443.8   2408
444     2400
444.2   2373
444.4   2357
444.6   2362
444.8   2344
445     2346
445.2   2318
445.4   2307
445.6   2279
445.8   2293
446     2273
446.2   2259
446.4   2254
446.6   2244
446.8   2222
447     2227
447.2   2224
447.4   2211
447.6   2196
447.8   2199
448     2192
448.2   2192
448.4   2185
448.6   2169
448.8   2164
449     2155
449.2   2149
449.4   2139
449.6   2118
449.8   2131
450     2125
450.2   2115
450.4   2109
450.6   2103
450.8   2107
451     2096
451.2   2094
451.4   2079
451.6   2082
451.8   2078
452     2061
452.2   2062
452.4   2056
452.6   2053
452.8   2043
453     2036
453.2   2018
453.4   2029
453.6   2017
453.8   2008
454     2006
454.2   1996
454.4   1996
454.6   1989
454.8   1986
455     1971
455.2   1956
455.4   1952
455.6   1946
455.8   1945
456     1937
456.2   1924
456.4   1923
456.6   1912
456.8   1901
457     1894
457.2   1898
457.4   1873
457.6   1854
457.8   1856
458     1845
458.2   1827
458.4   1836
458.6   1821
458.8   1812
459     1791
459.2   1779
459.4   1781
459.6   1762
459.8   1748
460     1733
460.2   1719
460.4   1724
460.6   1706
460.8   1688
461     1678
461.2   1678
461.4   1649
461.6   1637
461.8   1630
462     1616
462.2   1613
462.4   1594
462.6   1590
462.8   1583
463     1561
463.2   1548
463.4   1534
463.6   1512
463.8   1505
464     1497
464.2   1484
464.4   1472
464.6   1457
464.8   1437
465     1428
465.2   1415
465.4   1402
465.6   1379
465.8   1364
466     1355
466.2   1340
466.4   1340
466.6   1320
466.8   1309
467     1292
467.2   1279
467.4   1264
467.6   1241
467.8   1241
468     1224
468.2   1211
468.4   1193
468.6   1182
468.8   1178
469     1168
469.2   1158
469.4   1143
469.6   1131
469.8   1121
470     1102
470.2   1097
470.4   1084
470.6   1076
470.8   1071
471     1056
471.2   1038
471.4   1029
471.6   1023
471.8   1006
472     1005
472.2   993.5
472.4   981.3
472.6   968.7
472.8   962.3
473     941.9
473.2   940
473.4   933.8
473.6   914.8
473.8   917.6
474     900.4
474.2   893.7
474.4   883.8
474.6   882.3
474.8   874.7
475     866.5
475.2   852.2
475.4   853.2
475.6   838.7
475.8   839.6
476     826.3
476.2   818.2
476.4   817.2
476.6   804.7
476.8   804.4
477     796.2
477.2   792.7
477.4   786.9
477.6   773.8
477.8   768.2
478     760.5
478.2   762.5
478.4   753.4
478.6   743.7
478.8   745.5
479     730.1
479.2   721.9
479.4   723
479.6   719
479.8   707.1
480     701
480.2   709.7
480.4   701.3
480.6   685.9
480.8   690.9
481     680.3
481.2   681.4
481.4   678.2
481.6   671.3
481.8   663.8
482     659.7
482.2   651.2
482.4   646.2
482.6   641.2
482.8   642
483     640.6
483.2   638
483.4   633.1
483.6   625.3
483.8   634.9
484     622.5
484.2   618.9
484.4   614
484.6   611.7
484.8   603.4
485     601.1
485.2   599.3
485.4   600.9
485.6   590
485.8   588.1
486     584.8
486.2   583.8
486.4   572.2
486.6   578.5
486.8   568.2
487     567
487.2   563.7
487.4   561.7
487.6   556.9
487.8   555.4
488     546.8
488.2   546
488.4   542.1
488.6   533
488.8   534.3
489     533.4
489.2   523.4
489.4   520.1
489.6   517.6
489.8   523.8
490     515.5
490.2   506.7
490.4   504.2
490.6   502.1
490.8   501.9
491     496.3
491.2   493.5
491.4   490.9
491.6   485.8
491.8   480.8
492     475.7
492.2   480.3
492.4   471
492.6   466.2
492.8   468.7
493     461.1
493.2   457.6
493.4   454.5
493.6   452.1
493.8   449.8
494     443.4
494.2   441.9
494.4   434.6
494.6   436.6
494.8   432.5
495     420.1
495.2   418.2
495.4   420.1
495.6   414.2
495.8   415
496     405.3
496.2   404.7
496.4   399.3
496.6   396.4
496.8   393.1
497     385.9
497.2   391.2
497.4   385.9
497.6   382.1
497.8   375.8
498     371.5
498.2   369.8
498.4   366.1
498.6   360.6
498.8   354.7
499     354
499.2   352.4
499.4   353.4
499.6   351.5
499.8 339.1
500 339.9